Entrenamiento:0.000000%
Validacion:6.000000%
Test:5.350000%
